/home/staff1/aborowska/Cside/MS66/
Environment: T1000c0.005x2E-5
DURATION    = 100000.0
TIMECONST   = 10.0
NODE_NUM    = 1.2
MMC         = 0.17043
ACTIN_FK    = 0.0028961
GI_SPEED    = 0.050403
bB          = 0.0024768
dB          = 0.013748
diffB       = 0.062381
sA          = 6.0349E-5
BASAL_A     = 0.13551
dA          = 0.026341
diffA       = 0.028033
