/home/staff1/aborowska/Cside/MS56/
Environment: T1000c0.005x2E-5
DURATION    = 100000.0
TIMECONST   = 10.0
NODE_NUM    = 1.2
MMC         = 0.081602
ACTIN_FK    = 0.0017674
GI_SPEED    = 0.091983
bB          = 0.0041958
dB          = 0.020467
diffB       = 0.079292
sA          = 8.4869E-5
BASAL_A     = 0.064709
dA          = 0.013221
diffA       = 0.034167
