/home/staff1/aborowska/Cside/MS4/
Environment: T1000c0.005x2E-5
DURATION    = 100000.0
TIMECONST   = 10.0
NODE_NUM    = 1.2
MMC         = 0.13897
ACTIN_FK    = 0.0027025
GI_SPEED    = 0.097115
bB          = 0.0037372
dB          = 0.0079019
diffB       = 0.054541
sA          = 1.0718E-4
BASAL_A     = 0.12491
dA          = 0.020674
diffA       = 0.01742
