/home/staff1/aborowska/Cside/MS12/
Environment: T1000c0.005x2E-5
DURATION    = 100000.0
TIMECONST   = 10.0
NODE_NUM    = 1.2
MMC         = 0.23652
ACTIN_FK    = 0.0029837
GI_SPEED    = 0.044167
bB          = 0.0026316
dB          = 0.017136
diffB       = 0.068166
sA          = 1.3929E-4
BASAL_A     = 0.13748
dA          = 0.020051
diffA       = 0.025109
