/home/staff1/aborowska/Cside/MS55/
Environment: T1000c0.005x2E-5
DURATION    = 100000.0
TIMECONST   = 10.0
NODE_NUM    = 1.2
MMC         = 0.18418
ACTIN_FK    = 9.5961E-4
GI_SPEED    = 0.093669
bB          = 0.0034228
dB          = 0.021058
diffB       = 0.053199
sA          = 6.5611E-5
BASAL_A     = 0.10263
dA          = 0.030833
diffA       = 0.047567
