/home/staff1/aborowska/Cside/MS9/
Environment: T1000c0.005x2E-5
DURATION    = 100000.0
TIMECONST   = 10.0
NODE_NUM    = 1.2
MMC         = 0.19161
ACTIN_FK    = 0.0028869
GI_SPEED    = 0.11091
bB          = 0.0041641
dB          = 0.021322
diffB       = 0.026131
sA          = 3.5098E-5
BASAL_A     = 0.18884
dA          = 0.021158
diffA       = 0.044597
