/home/staff1/aborowska/Cside/MS76/
Environment: T1000c0.005x2E-5
DURATION    = 100000.0
TIMECONST   = 10.0
NODE_NUM    = 1.2
MMC         = 0.29135
ACTIN_FK    = 0.0015001
GI_SPEED    = 0.057324
bB          = 0.005168
dB          = 0.0090064
diffB       = 0.059951
sA          = 9.7663E-5
BASAL_A     = 0.13466
dA          = 0.037538
diffA       = 0.034632
