/home/staff1/aborowska/Cside/MS59/
Environment: T1000c0.005x2E-5
DURATION    = 100000.0
TIMECONST   = 10.0
NODE_NUM    = 1.2
MMC         = 0.14023
ACTIN_FK    = 0.0019673
GI_SPEED    = 0.078682
bB          = 0.0029007
dB          = 0.025923
diffB       = 0.055502
sA          = 8.4101E-5
BASAL_A     = 0.13244
dA          = 0.029663
diffA       = 0.026464
