/home/staff1/aborowska/Cside/MS29/
Environment: T1000c0.005x2E-5
DURATION    = 100000.0
TIMECONST   = 10.0
NODE_NUM    = 1.2
MMC         = 0.12194
ACTIN_FK    = 0.0020851
GI_SPEED    = 0.068015
bB          = 0.0024129
dB          = 0.019931
diffB       = 0.051671
sA          = 1.2744E-4
BASAL_A     = 0.15445
dA          = 0.022676
diffA       = 0.024848
