/home/staff1/aborowska/Cside/MS57/
Environment: T1000c0.005x2E-5
DURATION    = 100000.0
TIMECONST   = 10.0
NODE_NUM    = 1.2
MMC         = 0.14995
ACTIN_FK    = 0.002943
GI_SPEED    = 0.074221
bB          = 0.0043202
dB          = 0.010683
diffB       = 0.042684
sA          = 1.0611E-4
BASAL_A     = 0.10485
dA          = 0.038896
diffA       = 0.045415
