/home/staff1/aborowska/Cside/MS24/
Environment: T1000c0.005x2E-5
DURATION    = 100000.0
TIMECONST   = 10.0
NODE_NUM    = 1.2
MMC         = 0.26984
ACTIN_FK    = 0.0027831
GI_SPEED    = 0.11534
bB          = 0.0019772
dB          = 0.022146
diffB       = 0.038177
sA          = 1.0523E-4
BASAL_A     = 0.13392
dA          = 0.023844
diffA       = 0.014474
