/home/staff1/aborowska/Cside/MS53/
Environment: T1000c0.005x2E-5
DURATION    = 100000.0
TIMECONST   = 10.0
NODE_NUM    = 1.2
MMC         = 0.24582
ACTIN_FK    = 0.0020564
GI_SPEED    = 0.13124
bB          = 0.0036686
dB          = 0.020282
diffB       = 0.053663
sA          = 4.0421E-5
BASAL_A     = 0.19839
dA          = 0.03705
diffA       = 0.022304
