/home/staff1/aborowska/Cside/MS21/
Environment: T1000c0.005x2E-5
DURATION    = 100000.0
TIMECONST   = 10.0
NODE_NUM    = 1.2
MMC         = 0.17318
ACTIN_FK    = 0.0021175
GI_SPEED    = 0.047487
bB          = 0.0026851
dB          = 0.010507
diffB       = 0.080982
sA          = 1.1089E-4
BASAL_A     = 0.089138
dA          = 0.027131
diffA       = 0.047037
