/home/staff1/aborowska/Cside/MS38/
Environment: T1000c0.005x2E-5
DURATION    = 100000.0
TIMECONST   = 10.0
NODE_NUM    = 1.2
MMC         = 0.24137
ACTIN_FK    = 0.0014336
GI_SPEED    = 0.10314
bB          = 0.0027152
dB          = 0.011435
diffB       = 0.071089
sA          = 7.6607E-5
BASAL_A     = 0.10638
dA          = 0.024217
diffA       = 0.015047
