/home/staff1/aborowska/Cside/MS50/
Environment: T1000c0.005x2E-5
DURATION    = 100000.0
TIMECONST   = 10.0
NODE_NUM    = 1.2
MMC         = 0.15583
ACTIN_FK    = 0.0023295
GI_SPEED    = 0.065537
bB          = 0.0032144
dB          = 0.025525
diffB       = 0.046022
sA          = 5.8629E-5
BASAL_A     = 0.10775
dA          = 0.015007
diffA       = 0.039652
