/home/staff1/aborowska/Cside/MS94/
Environment: T1000c0.005x2E-5
DURATION    = 100000.0
TIMECONST   = 10.0
NODE_NUM    = 1.2
MMC         = 0.10485
ACTIN_FK    = 0.0024176
GI_SPEED    = 0.085682
bB          = 0.0014171
dB          = 0.011995
diffB       = 0.04515
sA          = 6.8273E-5
BASAL_A     = 0.17879
dA          = 0.036362
diffA       = 0.013633
